% Case File Saved from Hawaii Case Example. To modify/replace Hawaii's data moving forward
function mpc = GhanaGrid
mpc.version = '1'; %Updated value
mpc.baseMVA =  100.00; %This is not updated; is Hawaii file's original value

% moving forward... every section is unedited unless otherwise specified by
% a comment below the section header/name

%% bus data 
%UPDATED and SCALED to Ghana's Values
%bus_i type	Pd	    Qd	    Gs	    Bs	  area  Vm	        Va	        baseKV zone	Vmax	Vmin
mpc.bus = [
    1	1	78.85149954	25.91723457	0	0	1	1	0	161	1	1.1	0.9;
    2	1	0	        0	        0	0	1	1	0	161	1	1.1	0.9;
    3	1	7.496575342	2.464005158	0	0	1	1	0	161	1	1.1	0.9;
    4	2	275.6964011	90.61702488	0	0	1	1	0	161	1	1.1	0.9;
    5	1	23.31741349	7.664063188	0	0	1	1	0	33	1	1.1	0.9;
    6	3	6.580097319	2.162773399	0	0	1	1	0	161	1	1.1	0.9;
    7	1	54.99864676	18.077181	0	0	1	1	0	161	1	1.1	0.9;
    8	2	7.902567859	2.597448445	0	0	1	1	0	161	1	1.1	0.9;
    9	1	62.68187804	20.602537	0	0	1	1	0	161	1	1.1	0.9;
    10	1	16.21800457	5.33060032	0	0	1	1	0	161	1	1.1	0.9;
    11	1	13.56016134	4.457009496	0	0	1	1	0	161	1	1.1	0.9;
    12	1	20.2628291	6.66006985	0	0	1	1	0	161	1	1.1	0.9;
    13	1	42.79321134	14.06544838	0	0	1	1	0	34.5 1	1.1	0.9;
    14	1	0	        0	        0	0	1	1	0	161	1	1.1	0.9;
    15	1	7.496575342	2.464005158	0	0	1	1	0	161	1	1.1	0.9;
    16	1	6.847816965	2.250768592	0	0	1	1	0	161	1	1.1	0.9;
    17	2	27.85574532	9.155740724	0	0	1	1	0	161	1	1.1	0.9;
    18	1	0	        0	        0	0	1	1	0	161	1	1.1	0.9;
    19	1	0	        0	        0	0	1	1	0	161	1	1.1	0.9;
    20	2	0	        0	        0	0	1	1	0	161	1	1.1	0.9;
    21	1	32.09410212	10.54882124	0	0	1	1	0	34.5 1	1.1	0.9;
    22	1	71.63919679	23.54666529	0	0	1	1	0	161	1	1.1	0.9;
    23	1	0	        0	        0	0	1	1	0	161	1	1.1	0.9;
    24	1	26.41392988	8.681838906	0	0	1	1	0	330	1	1.1	0.9;
    25	1	4.548008441	1.494858085	0	0	1	1	0	330	1	1.1	0.9;
    26	1	0	        0	        0	0	1	1	0	161	1	1.1	0.9;
    27	1	12.01512868	3.94918182	0	0	1	1	0	161	1	1.1	0.9;
    28	1	0	        0	        0	0	1	1	0	161	1	1.1	0.9;
    29	1	0	        0	        0	0	1	1	0	161	1	1.1	0.9;
    30	1	0	        0	        0	0	1	1	0	161	1	1.1	0.9;
    31	1	5.947891891	1.954977524	0	0	1	1	0	161	1	1.1	0.9;
    32	2	18.49523433	6.079089545	0	0	1	1	0	161	1	1.1	0.9;
    33	1	0	        0	        0	0	1	1	0	161	1	1.1	0.9;
    34	2	0	        0	        0	0	1	1	0	161	1	1.1	0.9;
    35	1	23.36257102	7.678905751	0	0	1	1	0	161	1	1.1	0.9;
    36	1	100.759353	33.11799777	0	0	1	1	0	161	1	1.1	0.9;
    37	1	0	        0	        0	0	1	1	0	161	1	1.1	0.9;
    38	1	32.8173516	10.78654184	0	0	1	1	0	161	1	1.1	0.9;
    39	1	23.7270568	7.798706434	0	0	1	1	0	161	1	1.1	0.9;
    40	1	13.34082476	4.384917049	0	0	1	1	0	161	1	1.1	0.9;
    41	1	27.4543379	9.023804486	0	0	1	1	0	161	1	1.1	0.9;
    42	1	35.38415078	11.63020794	0	0	1	1	0	161	1	1.1	0.9;
    43	1	66.41059986	21.82810859	0	0	1	1	0	161	1	1.1	0.9;
    44	1	10.43461511	3.429692131	0	0	1	1	0	161	1	1.1	0.9;
    45	2	20.56602966	6.759727056	0	0	1	1	0	161	1	1.1	0.9;
    46	1	15.78900803	5.189595975	0	0	1	1	0	161	1	1.1	0.9;
    47	1	352.5932246	115.8917885	0	0	1	1	0	161	1	1.1	0.9;
    48	1	32.8173516	10.78654184	0	0	1	1	0	161	1	1.1	0.9;
    49	2	99.96264511	32.85613256	0	0	1	1	0	161	1	1.1	0.9;
    50	1	24.00445306	7.889882176	0	0	1	1	0	161	1	1.1	0.9;
    51	1	0	        0	        0	0	1	1	0	161	1	1.1	0.9;
    52	1	12.52153813	4.115630557	0	0	1	1	0	161	1	1.1	0.9;
    53	1	22.93034894	7.536841224	0	0	1	1	0	161	1	1.1	0.9;
    54	1	34.90677117	11.47330085	0	0	1	1	0	161	1	1.1	0.9;
    55	1	17.71142862	5.821465067	0	0	1	1	0	161	1	1.1	0.9;
    56	1	2.206267925	0.725165199	0	0	1	1	0	161	1	1.1	0.9;
    57	2	0	        0	        0	0	1	1	0	161	1	1.1	0.9;
    58	1	43.35768047	14.25098041	0	0	1	1	0	161	1	1.1	0.9;
    59	1	38.83870187	12.76566397	0	0	1	1	0	161	1	1.1	0.9;
    60	1	27.4543379	9.023804486	0	0	1	1	0	161	1	1.1	0.9;
    61	1	0	        0	        0	0	1	1	0	161	1	1.1	0.9;
    62	1	21.94010881	7.211365031	0	0	1	1	0	161	1	1.1	0.9;
    63	1	7.496575342	2.464005158	0	0	1	1	0	161	1	1.1	0.9;
    64	1	0	        0	        0	0	1	1	0	161	1	1.1	0.9;
    65	1	10.11206132	3.323673827	0	0	1	1	0	161	1	1.1	0.9;
    66	1	0	        0	        0	0	1	1	0	161	1	1.1	0.9;
    67	1	0	        0	        0	0	1	1	0	161	1	1.1	0.9;
    68	1	0	        0	        0	0	1	1	0	161	1	1.1	0.9;
    69	1	18.11462086	5.953987946	0	0	1	1	0	161	1	1.1	0.9;
    70	1	0	        0	        0	0	1	1	0	161	1	1.1	0.9;
    71	2	39.11932367	12.8578999	0	0	1	1	0	161	1	1.1	0.9;
    72	1	61.31747551	20.15407957	0	0	1	1	0	161	1	1.1	0.9;
    73	2	216.1723246	71.05240708	0	0	1	1	0	161	1	1.1	0.9;
    74	1	19.79190056	6.505283127	0	0	1	1	0	161	1	1.1	0.9;
    75	1	19.23065697	6.320811278	0	0	1	1	0	161	1	1.1	0.9;
    76	1	82.43184661	27.09403774	0	0	1	1	0	34.5 1	1.1	0.9;
    77	1	10.79264982	3.547372448	0	0	1	1	0	161	1	1.1	0.9;
    78	2	14.86972973	4.887443809	0	0	1	1	0	330	1	1.1	0.9;
    79	2	52.11179034	17.12831718	0	0	1	1	0	161	1	1.1	0.9;
    80	2	75.00020729	24.65137602	0	0	1	1	0	161	1	1.1	0.9;
    81	1	26.50747048	8.712584214	0	0	1	1	0	161	1	1.1	0.9;
    82	1	27.4543379	9.023804486	0	0	1	1	0	161	1	1.1	0.9;
    83	1	27.4543379	9.023804486	0	0	1	1	0	161	1	1.1	0.9;
    84	1	15.44710101	5.077216573	0	0	1	1	0	161	1	1.1	0.9
];

%% generator data 
%UPDATED to Ghana's Values
% updated Pmin values using new source (Economic Case for Bulk Energy Storage in Transmission Systems with High Percentages of Renewable Resources)
%updated the Qmax and Qmin values ac to A Methodology for the Creation of Geographically Realistic Synthetic Power Flow Models FOR EVERYTHING EXCEPT FROM SOLAR ONWARDS.
%last 5 generators are SOLAR - AS OF NOW, I put at status = 1 to get projected Pg and Qg values. These values made more sense as compared to status =0 which put Pg value of Akosombo = 0
%	bus	        Pg	    Qg	    Qmax	    Qmin	Vg	    mBase   status	Pmax	Pmin
