% Case File Saved from Hawaii Case Example. To modify/replace Hawaii's data moving forward
function mpc = GhanaGrid
mpc.version = '1'; %Updated value
mpc.baseMVA =  100.00; %This is not updated; is Hawaii file's original value

% moving forward... every section is unedited unless otherwise specified by
% a comment below the section header/name

%% bus data 
%UPDATED to Ghana's Values
%bus_i type	Pd	    Qd	    Gs	    Bs	  area  Vm	        Va	        baseKV zone	Vmax	Vmin
mpc.bus = [
    1	1	27.90639269	9.172387711	0	0	1	1	0	161	1	1.1	0.9;
    2	1	0	0	0	0	1	1	0	0	1	1.1	0.9;
    3	1	0	0	0	0	1	1	0	0	1	1.1	0.9;
    4	2	97.57191781	32.0703385	0	0	1	1	0	161	1	1.1	0.9;
    5	1	8.252283105	2.712394288	0	0	1	1	0	33	1	1.1	0.9;
    6	2	2.328767123	0.765428738	0	0	1	1	0	161	1	1.1	0.9;
    7	1	16.94863014	5.570745331	0	0	1	1	0	161	1	1.1	0.9;
    8	2	2.796803653	0.919264906	0	0	1	1	0	161	1	1.1	0.9;
    9	1	8.124429224	2.670370749	0	0	1	1	0	161	1	1.1	0.9;
    10	1	5.739726027	1.886556713	0	0	1	1	0	161	1	1.1	0.9;
    11	1	4.799086758	1.240444808	0	0	1	1	0	161	1	1.1	0.9;
    12	1	6.212328767	1.83402729	0	0	1	1	0	161	1	1.1	0.9;
    13	1	15.14497717	4.977913269	0	0	1	1	0	34.5	1	1.1	0.9;
    14	1	0	0	0	0	1	1	0	0	1	1.1	0.9;
    15	1	0	0	0	0	1	1	0	0	1	1.1	0.9;
    16	1	2.423515982	0.796571182	0	0	1	1	0	161	1	1.1	0.9;
    17	2	9.858447489	3.240314991	0	0	1	1	0	161	1	1.1	0.9;
    18	1	0	0	0	0	1	1	0	0	1	1.1	0.9;
    19	1	0	0	0	0	1	1	0	0	1	1.1	0.9;
    20	1	0	0	0	0	1	1	0	0	1	1.1	0.9;
    21	1	4.401826484	1.446810399	0	0	1	1	0	34.5	1	1.1	0.9;
    22	1	25.35388128	8.333417781	0	0	1	1	0	161	1	1.1	0.9;
    23	1	0	0	0	0	1	1	0	0	1	1.1	0.9;
    24	1	9.348173516	3.072596047	0	0	1	1	0	330	1	1.1	0.9;
    25	1	6.642694064	2.183347954	0	0	1	1	0	330	1	1.1	0.9;
    26	1	0	0	0	0	1	1	0	0	1	1.1	0.9;
    27	1	4.252283105	1.397657867	0	0	1	1	0	161	1	1.1	0.9;
    28	1	0	0	0	0	1	1	0	0	1	1.1	0.9;
    29	1	0	0	0	0	1	1	0	0	1	1.1	0.9;
    30	1	0	0	0	0	1	1	0	0	1	1.1	0.9;
    31	1	2.105022831	0.691887546	0	0	1	1	0	161	1	1.1	0.9;
    32	2	6.5456621	2.15145509	0	0	1	1	0	161	1	1.1	0.9;
    33	1	0	0	0	0	1	1	0	0	1	1.1	0.9;
    34	2	0	0	0	0	1	1	0	0	1	1.1	0.9;
    35	1	8.26826484	2.71764723	0	0	1	1	0	161	1	1.1	0.9;
    36	1	35.65981735	10.87884355	0	0	1	1	0	161	1	1.1	0.9;
    37	1	0	0	0	0	1	1	0	0	1	1.1	0.9;
    38	1	0	0	0	0	1	1	0	0	1	1.1	0.9;
    39	1	8.397260274	2.760045979	0	0	1	1	0	161	1	1.1	0.9;
    40	1	4.721461187	1.551869245	0	0	1	1	0	161	1	1.1	0.9;
    41	1	0	0	0	0	1	1	0	0	1	1.1	0.9;
    42	1	12.52283105	4.116055518	0	0	1	1	0	161	1	1.1	0.9;
    43	1	9.413242009	3.093983027	0	0	1	1	0	161	1	1.1	0.9;
    44	1	3.692922374	1.213804886	0	0	1	1	0	161	1	1.1	0.9;
    45	2	7.278538813	2.392340017	0	0	1	1	0	161	1	1.1	0.9;
    46	1	5.587899543	1.836653761	0	0	1	1	0	161	1	1.1	0.9;
    47	1	124.7865297	41.01534885	0	0	1	1	0	161	1	1.1	0.9;
    48	1	0	0	0	0	1	1	0	0	1	1.1	0.9;
    49	2	35.37785388	11.62813825	0	0	1	1	0	161	1	1.1	0.9;
    50	1	8.49543379	2.792314053	0	0	1	1	0	161	1	1.1	0.9;
    51	1	0	0	0	0	1	1	0	0	1	1.1	0.9;
    52	1	4.431506849	1.456565863	0	0	1	1	0	161	1	1.1	0.9;
    53	1	8.115296804	2.667369068	0	0	1	1	0	161	1	1.1	0.9;
    54	1	12.35388128	4.060524414	0	0	1	1	0	161	1	1.1	0.9;
    55	1	6.26826484	2.06027902	0	0	1	1	0	161	1	1.1	0.9;
    56	1	0.780821918	0.256643753	0	0	1	1	0	161	1	1.1	0.9;
    57	2	0	0	0	0	1	1	0	0	1	1.1	0.9;
    58	1	15.34474886	5.043575048	0	0	1	1	0	161	1	1.1	0.9;
    59	1	13.74543379	4.517905606	0	0	1	1	0	161	1	1.1	0.9;
    60	1	0	0	0	0	1	1	0	0	1	1.1	0.9;
    61	1	0	0	0	0	1	1	0	0	1	1.1	0.9;
    62	1	7.764840183	2.552179547	0	0	1	1	0	161	1	1.1	0.9;
    63	1	0	0	0	0	1	1	0	161	1	1.1	0.9;
    64	1	0	0	0	0	1	1	0	161	1	1.1	0.9;
    65	1	3.578767123	1.17628387	0	0	1	1	0	161	1	1.1	0.9;
    66	1	0	0	0	0	1	1	0		1	1.1	0.9;
    67	1	0	0	0	0	1	1	0		1	1.1	0.9;
    68	1	0	0	0	0	1	1	0		1	1.1	0.9;
    69	1	6.410958904	2.107180291	0	0	1	1	0	161	1	1.1	0.9;
    70	1	0	0	0	0	1	1	0		1	1.1	0.9;
    71	2	13.84474886	4.55054889	0	0	1	1	0	161	1	1.1	0.9;
    72	1	21.70091324	7.132745251	0	0	1	1	0	161	1	1.1	0.9;
    73	2	76.50570776	25.1462101	0	0	1	1	0	161	1	1.1	0.9;
    74	1	7.00456621	2.302289577	0	0	1	1	0	161	1	1.1	0.9;
    75	1	6.805936073	2.237003008	0	0	1	1	0	161	1	1.1	0.9;
    76	1	11.41552511	3.752101657	0	0	1	1	0	34.5	1	1.1	0.9;
    77	1	3.819634703	1.255453215	0	0	1	1	0	161	1	1.1	0.9;
    78	2	5.262557078	1.603648248	0	0	1	1	0	330	1	1.1	0.9;
    79	2	9.849315069	3.23731331	0	0	1	1	0	161	1	1.1	0.9;
    80	2	26.543379	8.724386774	0	0	1	1	0	161	1	1.1	0.9;
    81	1	9.381278539	3.083477142	0	0	1	1	0	161	1	1.1	0.9;
    82	1	0	0	0	0	1	1	0		1	1.1	0.9;
    83	1	0	0	0	0	1	1	0		1	1.1	0.9;
    84	1	4.896118721	1.609276401	0	0	1	1	0	161	1	1.1	0.9
];

%% generator data 
%UPDATED to Ghana's Values
%	bus	Pg	    Qg	    Qmax	Qmin	Vg	   mBase status	Pmax	Pmin
mpc.gen = [
    6	1020	0	    510	    -510	1	100	    1	    1020.00	900;
    20	400	    0	    200	    -200	1	100	    1	    404.00	330.00;
    45	160	    0	    80	    -80	    1	100	    1	    160.00	140.00;
    73	330	    0	    165	    -165	1	100    	1	    330.00	315.00;
    73	330	    0	    165	    -165	1	100	    1	    340.00	330.00;
    34	560	    0	    280	    -280	1	100	    1	    560.00	530.00;
    57	110	    0	    55	    -55	    1	100	    1	    110.00	100.00;
    57	80	    0	    40	    -40	    1	100	    1	    80.00	70.00;
    57	110	    0	    55	    -55	    1	100	    1	    110.00	100.00;
    6	220	    0	    110	    -110	1	100	    1	    220.00	200.00;
    78	250	    0	    125	    -125	1	100	    1	    250.00	230.00;
    4	450	    0	    225	    -225	1	100	    1	    470.00	450.00;
    49	370	    0	    185	    -185	1	100	    1	    370.00	330.00;
    49	340	    0	    170	    -170	1	100	    1	    360.00	340.00;
    73	200	    0	    100	    -100	1	100	    1	    210.00	201.00;
    49	194	    0	    97	    -97	    1	100	    1	    200.00	190.00;
    8	188	    0	    94	    -94	    1	100	    1	    190.00	157.80;
    17	2.5	    0	    1.25	-1.25	1	100	    1	    2.50	2.00;
    80	20	    0	    10	    -10	    1	100	    1	    20.00	16.00;
    80	20	    0	    10	    -10	    1	100	    1	    20.00	16.00;
    79	6.5	    0	    3.25	-3.25	1	100	    1	    6.50	4.50;
    79	13	    0	    6.5	    -6.5	1	100	    1	    17.00	10.00;
    32	0.045	0	    0.0225	-0.0225	1	100	    1	    0.05	0.05;
    71	50	    0	    25	    -25	    1	100	    1	    55.00	49.50;
    78	0.1	    0	    0.05	-0.05	1	100	    1	    0.10	0.10
];

%% generator cost data
%UPDATED to Ghana's Values
%2 strtup shtdown n	c(n-1)	...	c0
mpc.gencost = [
    2	0	0	3	0	10200	0;
    2	0	0	3	0	4000	0;
    2	0	0	3	0	1600	0;
    2	0	0	3	0	23100	0;
    2	0	0	3	0	3300	0;
    2	0	0	3	0	39200	0;
    2	0	0	3	0	1100	0;
    2	0	0	3	0	5600	0;
    2	0	0	3	0	1100	0;
    2	0	0	3	0	15400	0;
    2	0	0	3	0	2500	0;
    2	0	0	3	0	31500	0;
    2	0	0	3	0	3700	0;
    2	0	0	3	0	23800	0;
    2	0	0	3	0	2000	0;
    2	0	0	3	0	13580	0;
    2	0	0	3	0	13160	0;
    2	0	0	3	0	25      0;
    2	0	0	3	0	200	    0;
    2	0	0	3	0	200	    0;
    2	0	0	3	0	65	    0;
    2	0	0	3	0	130	    0;
    2	0	0	3	0	0.45	0;
    2	0	0	3	0	500	    0;
    2	0	0	3	0	1	    0
];

%% branch data
% UPDATED to Ghana's values
%fbus tbus r	     x	        b	    rateA	rateB	rateC	ratio  angle status angmin	angmax
