% Case File Saved from Hawaii Case Example. To modify/replace Hawaii's data moving forward
function mpc = GhanaGrid
mpc.version = '1'; %Updated value
mpc.baseMVA =  100.00; %This is not updated; is Hawaii file's original value

% moving forward... every section is unedited unless otherwise specified by
% a comment below the section header/name

%% bus data 
%bus_i type	Pd	    Qd	    Gs	    Bs	  area  Vm	        Va	        baseKV zone	Vmax	Vmin
mpc.bus = [
    1	1	0.00	0.00	0.00	0.00	1	1.0340044	-1.197635	138.00	1	1.100	0.900	5.22	0.00	0	0
    2	2	60.70	0.00	0.00	0.00	1	1.0319560	-3.790540	69.00	1	1.100	0.900	5.25	0.00	0	0
    3	1	59.39	0.00	0.00	0.00	1	1.0256227	-4.534503	69.00	1	1.100	0.900	5.71	-0.03	0	0
    4	1	22.47	0.00	0.00	0.00	1	1.0202716	-5.471034	69.00	1	1.100	0.900	5.42	-0.01	0	0
    5	1	0.00	0.00	0.00	0.00	1	1.0297620	-2.076506	138.00	1	1.100	0.900	5.28	0.00	0	0
    6	1	27.46	0.00	0.00	0.00	1	1.0225487	-5.269383	69.00	1	1.100	0.900	5.49	-0.00	0	0
    7	1	37.01	0.00	0.00	0.00	1	1.0219757	-5.401629	69.00	1	1.100	0.900	5.48	-0.00	0	0
    8	1	65.10	0.00	0.00	0.00	1	1.0198967	-5.427106	69.00	1	1.100	0.900	5.75	-0.03	0	0
    9	1	0.00	0.00	0.00	0.00	1	1.0276920	-2.518949	138.00	1	1.100	0.900	5.31	-0.00	0	0
    10	1	37.76	0.00	0.00	0.00	1	1.0223138	-5.383213	69.00	1	1.100	0.900	5.47	0.00	0	0
    11	1	65.55	0.00	0.00	0.00	1	1.0165626	-6.185474	69.00	1	1.100	0.900	5.50	0.00	0	0
    12	1	54.01	0.00	0.00	0.00	1	1.0188822	-5.887123	69.00	1	1.100	0.900	5.51	-0.00	0	0
    13	1	59.24	0.00	0.00	0.00	1	1.0205059	-5.793229	69.00	1	1.100	0.900	5.49	-0.00	0	0
    14	1	0.00	0.00	0.00	0.00	1	1.0248657	-3.061932	138.00	1	1.100	0.900	5.35	-0.00	0	0
    15	1	60.90	0.00	0.00	0.00	1	1.0200765	-5.729969	69.00	1	1.100	0.900	5.51	0.01	0	0
    16	1	23.83	0.00	0.00	32.00	1	1.0240368	-6.135252	69.00	1	1.100	0.900	5.56	-0.01	0	0
    17	1	12.04	0.00	0.00	0.00	1	1.0173819	-6.613220	69.00	1	1.100	0.900	5.53	-0.01	0	0
    18	1	36.32	0.00	0.00	0.00	1	1.0179360	-6.743498	69.00	1	1.100	0.900	5.55	-0.01	0	0
    19	1	48.60	0.00	0.00	0.00	1	1.0318878	-3.409178	69.00	1	1.100	0.900	5.89	-0.04	0	0
    20	1	64.95	0.00	0.00	0.00	1	1.0301527	-1.970051	69.00	1	1.100	0.900	7.07	-0.18	0	0
    21	1	48.34	0.00	0.00	0.00	1	1.0211886	-5.028184	69.00	1	1.100	0.900	5.54	-0.01	0	0
    22	1	0.00	0.00	0.00	0.00	1	1.0366541	-0.941776	138.00	1	1.100	0.900	5.19	0.00	0	0
    23	3	86.75	0.00	0.00	0.00	1	1.0400000	-2.106015	69.00	1	1.100	0.900	5.10	0.00	0	0
    24	1	46.58	0.00	0.00	0.00	1	1.0339133	-3.584931	69.00	1	1.100	0.900	4.59	-0.05	0	0
    25	1	0.00	0.00	0.00	0.00	1	1.0368648	-0.650224	138.00	1	1.100	0.900	5.20	0.00	0	0
    26	2	75.28	0.00	0.00	0.00	1	1.0355975	-3.483817	69.00	1	1.100	0.900	4.93	-0.02	0	0
    27	2	3.95	0.00	0.00	0.00	1	1.0434277	1.105445	69.00	1	1.100	0.900	7.78	-0.10	0	0
    28	2	8.82	0.00	0.00	0.00	1	1.0400000	0.064775	69.00	1	1.100	0.900	0.00	0.00	0	0
    29	1	7.70	0.00	0.00	0.00	1	1.0356770	-0.243828	69.00	1	1.100	0.900	7.84	-0.12	0	0
    30	1	49.03	0.00	0.00	0.00	1	1.0360153	-0.543130	69.00	1	1.100	0.900	8.14	-0.10	0	0
    31	1	9.62	0.00	0.00	0.00	1	1.0355588	-2.098946	69.00	1	1.100	0.900	2.58	0.08	0	0
    32	1	6.67	0.00	0.00	0.00	1	1.0316720	-1.375741	69.00	1	1.100	0.900	7.37	-0.16	0	0
    33	2	58.22	0.00	0.00	0.00	1	1.0359847	-2.976906	69.00	1	1.100	0.900	4.14	-0.01	0	0
    34	2	0.00	0.00	0.00	0.00	1	1.0400000	-2.082915	69.00	1	1.100	0.900	4.62	0.00	0	0
    35	2	0.00	0.00	0.00	0.00	1	1.0400000	0.187745	138.00	1	1.100	0.900	5.20	0.00	0	0
    36	2	0.00	0.00	0.00	0.00	1	1.0369634	-3.454245	69.00	1	1.100	0.900	4.59	-0.05	0	0
    37	2	0.00	0.00	0.00	0.00	1	1.0400000	0.072204	138.00	1	1.100	0.900	5.20	0.00	0	0
];

%% generator data 
%	bus	Pg	    Qg	    Qmax	Qmin	Vg	   mBase status	Pmax	Pmin
mpc.gen = [
    2	2.50	0.80	0.80	-0.50	1.0400	2.80	1	2.50	1.00	0.00	0.00	0.00	0.00	0.00	0.00	0	0	0	0	0.0000	0	0	0	0
    2	2.50	0.80	0.80	-0.50	1.0400	2.80	1	2.50	1.00	0.00	0.00	0.00	0.00	0.00	0.00	0	0	0	0	0.0000	0	0	0	0
    2	2.50	0.80	0.80	-0.50	1.0400	2.80	1	2.50	1.00	0.00	0.00	0.00	0.00	0.00	0.00	0	0	0	0	0.0000	0	0	0	0
    2	2.50	0.80	0.80	-0.50	1.0400	2.80	1	2.50	1.00	0.00	0.00	0.00	0.00	0.00	0.00	0	0	0	0	0.0000	0	0	0	0
    23	69.06	-0.48	23.30	-14.00	1.0400	85.60	1	77.80	20.00	0.00	0.00	0.00	0.00	0.00	0.00	0	0	0	0	0.0000	0	0	0	0
    23	38.96	-0.48	13.80	-8.30	1.0400	50.50	1	45.90	0.00	0.00	0.00	0.00	0.00	0.00	0.00	0	0	0	0	0.0000	0	0	0	0
    23	69.06	-0.48	23.30	-14.00	1.0400	85.60	1	77.80	20.00	0.00	0.00	0.00	0.00	0.00	0.00	0	0	0	0	0.0000	0	0	0	0
    23	47.53	-0.48	15.60	-9.40	1.0400	57.10	1	51.90	23.00	0.00	0.00	0.00	0.00	0.00	0.00	0	0	0	0	0.0000	0	0	0	0
    23	46.99	-0.48	15.50	-9.30	1.0400	57.00	1	51.80	20.00	0.00	0.00	0.00	0.00	0.00	0.00	0	0	0	0	0.0000	0	0	0	0
    23	44.36	-0.48	15.40	-9.20	1.0400	56.30	1	51.20	6.00	0.00	0.00	0.00	0.00	0.00	0.00	0	0	0	0	0.0000	0	0	0	0
    23	44.36	-0.48	15.40	-9.20	1.0400	56.30	1	51.20	6.00	0.00	0.00	0.00	0.00	0.00	0.00	0	0	0	0	0.0000	0	0	0	0
    23	43.51	-0.48	14.30	-8.60	1.0400	52.50	1	47.70	20.00	0.00	0.00	0.00	0.00	0.00	0.00	0	0	0	0	0.0000	0	0	0	0
    23	43.09	-0.48	14.20	-8.50	1.0400	51.90	1	47.20	20.00	0.00	0.00	0.00	0.00	0.00	0.00	0	0	0	0	0.0000	0	0	0	0
    23	12.48	-0.48	4.40	-2.60	1.0400	16.20	1	14.70	0.00	0.00	0.00	0.00	0.00	0.00	0.00	0	0	0	0	0.0000	0	0	0	0
    26	20.00	6.00	6.00	-3.60	1.0400	22.00	1	20.00	0.00	0.00	0.00	0.00	0.00	0.00	0.00	0	0	0	0	0.0000	0	0	0	0
    26	10.20	3.10	3.10	-1.90	1.0400	11.20	1	10.20	0.00	0.00	0.00	0.00	0.00	0.00	0.00	0	0	0	0	0.0000	0	0	0	0
    27	30.00	-5.40	9.00	-5.40	1.0400	33.00	1	30.00	0.00	0.00	0.00	0.00	0.00	0.00	0.00	0	0	0	0	0.0000	0	0	0	0
    27	27.60	-5.00	8.30	-5.00	1.0400	30.40	1	27.60	1.00	0.00	0.00	0.00	0.00	0.00	0.00	0	0	0	0	0.0000	0	0	0	0
    28	46.30	-5.84	14.70	-8.80	1.0400	53.90	1	49.00	0.00	0.00	0.00	0.00	0.00	0.00	0.00	0	0	0	0	0.0000	0	0	0	0
    28	69.00	-5.84	20.70	-12.40	1.0400	75.90	1	69.00	0.00	0.00	0.00	0.00	0.00	0.00	0.00	0	0	0	0	0.0000	0	0	0	0
    33	27.60	8.30	8.30	-5.00	1.0400	30.40	1	27.60	0.00	0.00	0.00	0.00	0.00	0.00	0.00	0	0	0	0	0.0000	0	0	0	0
    34	7.22	-1.06	2.50	-1.50	1.0400	9.20	1	8.40	2.50	0.00	0.00	0.00	0.00	0.00	0.00	0	0	0	0	0.0000	0	0	0	0
    34	6.04	-1.06	2.50	-1.50	1.0400	9.20	1	8.40	2.50	0.00	0.00	0.00	0.00	0.00	0.00	0	0	0	0	0.0000	0	0	0	0
    34	6.04	-1.06	2.50	-1.50	1.0400	9.20	1	8.40	2.50	0.00	0.00	0.00	0.00	0.00	0.00	0	0	0	0	0.0000	0	0	0	0
    34	6.04	-1.06	2.50	-1.50	1.0400	9.20	1	8.40	2.50	0.00	0.00	0.00	0.00	0.00	0.00	0	0	0	0	0.0000	0	0	0	0
    34	6.01	-1.06	2.50	-1.50	1.0400	9.20	1	8.40	2.50	0.00	0.00	0.00	0.00	0.00	0.00	0	0	0	0	0.0000	0	0	0	0
    34	7.22	-1.06	2.50	-1.50	1.0400	9.20	1	8.40	2.50	0.00	0.00	0.00	0.00	0.00	0.00	0	0	0	0	0.0000	0	0	0	0
    35	58.00	-0.36	17.40	-10.40	1.0400	63.80	1	58.00	5.00	0.00	0.00	0.00	0.00	0.00	0.00	0	0	0	0	0.0000	0	0	0	0
    35	28.00	-0.36	8.40	-5.00	1.0400	30.80	1	28.00	5.00	0.00	0.00	0.00	0.00	0.00	0.00	0	0	0	0	0.0000	0	0	0	0
    35	0.00	0.00	54.00	-32.40	1.0400	198.00	0	180.00	63.00	0.00	0.00	0.00	0.00	0.00	0.00	0	0	0	0	0.0000	0	0	0	0
    35	20.00	-0.36	6.00	-3.60	1.0400	22.00	1	20.00	5.00	0.00	0.00	0.00	0.00	0.00	0.00	0	0	0	0	0.0000	0	0	0	0
    35	67.00	-0.36	25.50	-15.30	1.0400	93.50	1	85.00	40.00	0.00	0.00	0.00	0.00	0.00	0.00	0	0	0	0	0.0000	0	0	0	0
    35	0.00	0.00	25.50	-15.30	1.0400	93.50	0	85.00	40.00	0.00	0.00	0.00	0.00	0.00	0.00	0	0	0	0	0.0000	0	0	0	0
    35	50.00	-0.36	15.00	-9.00	1.0400	55.00	1	50.00	10.00	0.00	0.00	0.00	0.00	0.00	0.00	0	0	0	0	0.0000	0	0	0	0
    35	56.20	-0.36	33.90	-20.30	1.0400	124.30	1	113.00	42.00	0.00	0.00	0.00	0.00	0.00	0.00	0	0	0	0	0.0000	0	0	0	0
    36	2.00	1.00	1.00	-0.60	1.0400	3.50	1	3.20	2.00	0.00	0.00	0.00	0.00	0.00	0.00	0	0	0	0	0.0000	0	0	0	0
    36	2.10	1.00	1.00	-0.60	1.0400	3.50	1	3.20	2.00	0.00	0.00	0.00	0.00	0.00	0.00	0	0	0	0	0.0000	0	0	0	0
    36	2.00	1.00	1.00	-0.60	1.0400	3.50	1	3.20	2.00	0.00	0.00	0.00	0.00	0.00	0.00	0	0	0	0	0.0000	0	0	0	0
    36	2.48	1.00	1.00	-0.60	1.0400	3.50	1	3.20	2.00	0.00	0.00	0.00	0.00	0.00	0.00	0	0	0	0	0.0000	0	0	0	0
